$`1%`
$`1%`$ALP
 [1] 0.01785714 0.01785714 0.03571429 0.01785714 0.00000000 0.01785714 0.05357143 0.00000000 0.05357143
[10] 0.03571429 0.01785714 0.03571429 0.00000000 0.01785714 0.03571429 0.03571429 0.01785714 0.03571429
[19] 0.01785714 0.03571429 0.05357143 0.03571429 0.01785714 0.01785714 0.00000000 0.00000000 0.03571429
[28] 0.03571429 0.03571429 0.00000000 0.03571429 0.01785714 0.01785714 0.01785714 0.01785714 0.01785714
[37] 0.01785714 0.00000000 0.01785714 0.01785714 0.01785714 0.03571429 0.01785714 0.01785714 0.03571429
[46] 0.01785714 0.01785714 0.03571429 0.00000000 0.01785714

$`1%`$TPL
 [1] 0.05357143 0.05357143 0.05357143 0.01785714 0.07142857 0.03571429 0.05357143 0.07142857 0.05357143
[10] 0.03571429 0.05357143 0.03571429 0.05357143 0.05357143 0.03571429 0.03571429 0.05357143 0.05357143
[19] 0.05357143 0.03571429 0.03571429 0.03571429 0.03571429 0.05357143 0.05357143 0.07142857 0.03571429
[28] 0.05357143 0.03571429 0.07142857 0.03571429 0.03571429 0.05357143 0.03571429 0.03571429 0.05357143
[37] 0.01785714 0.10714286 0.03571429 0.03571429 0.05357143 0.03571429 0.05357143 0.03571429 0.05357143
[46] 0.05357143 0.05357143 0.03571429 0.07142857 0.05357143


$`5%`
$`5%`$ALP
 [1] 0.05357143 0.07142857 0.07142857 0.07142857 0.05357143 0.07142857 0.05357143 0.07142857 0.07142857
[10] 0.07142857 0.05357143 0.07142857 0.07142857 0.07142857 0.05357143 0.05357143 0.05357143 0.07142857
[19] 0.05357143 0.07142857 0.05357143 0.05357143 0.07142857 0.05357143 0.05357143 0.07142857 0.07142857
[28] 0.05357143 0.05357143 0.08928571 0.07142857 0.05357143 0.05357143 0.05357143 0.05357143 0.07142857
[37] 0.07142857 0.05357143 0.07142857 0.05357143 0.07142857 0.07142857 0.07142857 0.08928571 0.07142857
[46] 0.08928571 0.05357143 0.07142857 0.05357143 0.05357143

$`5%`$TPL
 [1] 0.08928571 0.10714286 0.08928571 0.07142857 0.08928571 0.07142857 0.12500000 0.08928571 0.08928571
[10] 0.08928571 0.07142857 0.07142857 0.08928571 0.08928571 0.10714286 0.08928571 0.07142857 0.08928571
[19] 0.08928571 0.08928571 0.08928571 0.08928571 0.08928571 0.05357143 0.07142857 0.10714286 0.08928571
[28] 0.08928571 0.08928571 0.12500000 0.10714286 0.08928571 0.07142857 0.10714286 0.08928571 0.08928571
[37] 0.10714286 0.08928571 0.12500000 0.08928571 0.08928571 0.10714286 0.07142857 0.10714286 0.08928571
[46] 0.08928571 0.07142857 0.10714286 0.07142857 0.07142857


$`10%`
$`10%`$ALP
 [1] 0.14285714 0.10714286 0.08928571 0.10714286 0.10714286 0.10714286 0.12500000 0.10714286 0.08928571
[10] 0.08928571 0.10714286 0.10714286 0.10714286 0.08928571 0.08928571 0.10714286 0.12500000 0.08928571
[19] 0.12500000 0.08928571 0.12500000 0.10714286 0.10714286 0.10714286 0.10714286 0.10714286 0.10714286
[28] 0.12500000 0.16071429 0.10714286 0.14285714 0.10714286 0.12500000 0.12500000 0.10714286 0.12500000
[37] 0.10714286 0.10714286 0.12500000 0.10714286 0.12500000 0.12500000 0.10714286 0.12500000 0.10714286
[46] 0.10714286 0.10714286 0.10714286 0.10714286 0.12500000

$`10%`$TPL
 [1] 0.1428571 0.1250000 0.1250000 0.1607143 0.1607143 0.1428571 0.1428571 0.1428571 0.1250000 0.1428571
[11] 0.1250000 0.1607143 0.1428571 0.1250000 0.1250000 0.1250000 0.1250000 0.1250000 0.1428571 0.1428571
[21] 0.1428571 0.1071429 0.1428571 0.1250000 0.1071429 0.1250000 0.1428571 0.1607143 0.1428571 0.1250000
[31] 0.1607143 0.1250000 0.1428571 0.1250000 0.1607143 0.1428571 0.1428571 0.1250000 0.1607143 0.1250000
[41] 0.1250000 0.1785714 0.1785714 0.1428571 0.1428571 0.1428571 0.1607143 0.1250000 0.1250000 0.1428571


$`15%`
$`15%`$ALP
 [1] 0.1428571 0.1428571 0.1607143 0.1428571 0.1785714 0.1785714 0.1785714 0.1607143 0.1607143 0.1428571
[11] 0.1428571 0.1785714 0.1607143 0.1607143 0.1785714 0.1428571 0.1785714 0.1785714 0.1607143 0.1785714
[21] 0.1785714 0.1607143 0.1785714 0.1785714 0.2142857 0.1964286 0.1785714 0.1607143 0.1785714 0.1785714
[31] 0.1964286 0.1428571 0.1785714 0.1428571 0.1607143 0.1607143 0.1785714 0.1250000 0.1607143 0.1428571
[41] 0.1428571 0.1785714 0.1785714 0.1607143 0.1428571 0.1428571 0.1607143 0.1785714 0.1785714 0.1607143

$`15%`$TPL
 [1] 0.1607143 0.1607143 0.1785714 0.1785714 0.1607143 0.2142857 0.2321429 0.1785714 0.1964286 0.1785714
[11] 0.1428571 0.1964286 0.1964286 0.1785714 0.1964286 0.1607143 0.1785714 0.1964286 0.2142857 0.2142857
[21] 0.1785714 0.2142857 0.1785714 0.1964286 0.1964286 0.2142857 0.2142857 0.1785714 0.2142857 0.1964286
[31] 0.1785714 0.1785714 0.1785714 0.1964286 0.1964286 0.1964286 0.1964286 0.1607143 0.1785714 0.1607143
[41] 0.1964286 0.2142857 0.1964286 0.1785714 0.2142857 0.1428571 0.1785714 0.1785714 0.1964286 0.1785714


$`20%`
$`20%`$ALP
 [1] 0.1964286 0.2321429 0.1964286 0.2142857 0.1964286 0.2142857 0.2321429 0.2321429 0.2142857 0.1964286
[11] 0.2142857 0.1964286 0.2142857 0.1964286 0.2142857 0.2142857 0.1964286 0.2321429 0.1964286 0.1964286
[21] 0.1964286 0.2321429 0.2142857 0.2321429 0.2142857 0.2321429 0.1964286 0.2142857 0.2142857 0.1964286
[31] 0.2142857 0.1964286 0.2321429 0.2321429 0.2142857 0.2142857 0.2321429 0.1964286 0.2321429 0.2142857
[41] 0.2142857 0.2142857 0.2321429 0.1964286 0.2321429 0.2142857 0.1964286 0.2142857 0.2142857 0.2142857

$`20%`$TPL
 [1] 0.2500000 0.2500000 0.2142857 0.2321429 0.2321429 0.2321429 0.2321429 0.2321429 0.2321429 0.2321429
[11] 0.2321429 0.2321429 0.2321429 0.2321429 0.2500000 0.2142857 0.2321429 0.2321429 0.1964286 0.2142857
[21] 0.2321429 0.2500000 0.2500000 0.2321429 0.2321429 0.2678571 0.2321429 0.2142857 0.2142857 0.2142857
[31] 0.2321429 0.2500000 0.2321429 0.2321429 0.2321429 0.2321429 0.2500000 0.2321429 0.2500000 0.2321429
[41] 0.2321429 0.2500000 0.2500000 0.2142857 0.2321429 0.2142857 0.2142857 0.2500000 0.2321429 0.2142857


$`25%`
$`25%`$ALP
 [1] 0.2678571 0.2321429 0.2500000 0.2678571 0.2678571 0.2678571 0.2678571 0.2678571 0.2678571 0.2500000
[11] 0.2500000 0.2500000 0.2857143 0.2500000 0.2500000 0.2857143 0.2678571 0.2678571 0.2678571 0.2678571
[21] 0.2678571 0.2857143 0.2500000 0.2678571 0.2500000 0.2857143 0.2678571 0.2500000 0.2678571 0.2678571
[31] 0.2500000 0.2500000 0.2678571 0.2678571 0.2500000 0.2857143 0.2321429 0.2500000 0.2500000 0.3035714
[41] 0.3035714 0.2678571 0.2678571 0.2500000 0.2500000 0.2500000 0.2678571 0.2678571 0.2500000 0.2678571

$`25%`$TPL
 [1] 0.3035714 0.2678571 0.3035714 0.2857143 0.2857143 0.3035714 0.2857143 0.3035714 0.3035714 0.2678571
[11] 0.2678571 0.2857143 0.3035714 0.2500000 0.2857143 0.3035714 0.2678571 0.2678571 0.2857143 0.2857143
[21] 0.2678571 0.3214286 0.2857143 0.2857143 0.2678571 0.3035714 0.2678571 0.2678571 0.2500000 0.2678571
[31] 0.2678571 0.2678571 0.2678571 0.2857143 0.2678571 0.2857143 0.2857143 0.2857143 0.3214286 0.3214286
[41] 0.3214286 0.3035714 0.2678571 0.2678571 0.2857143 0.2678571 0.3035714 0.2857143 0.2678571 0.3035714


$`30%`
$`30%`$ALP
 [1] 0.3214286 0.3392857 0.3035714 0.3214286 0.3214286 0.2857143 0.3214286 0.3214286 0.3214286 0.3035714
[11] 0.3214286 0.3035714 0.3571429 0.3214286 0.3035714 0.3035714 0.3035714 0.3035714 0.3035714 0.3035714
[21] 0.3214286 0.3214286 0.3214286 0.3035714 0.2857143 0.3035714 0.3035714 0.3214286 0.3035714 0.2857143
[31] 0.3214286 0.3392857 0.3214286 0.3214286 0.3035714 0.3214286 0.3214286 0.3214286 0.3392857 0.3214286
[41] 0.3571429 0.3214286 0.3214286 0.3214286 0.2857143 0.3214286 0.3035714 0.3392857 0.3214286 0.2857143

$`30%`$TPL
 [1] 0.3392857 0.3392857 0.3392857 0.3214286 0.3571429 0.3035714 0.3392857 0.3571429 0.3214286 0.3571429
[11] 0.3571429 0.3392857 0.3571429 0.3392857 0.3392857 0.3571429 0.3392857 0.3392857 0.3035714 0.3392857
[21] 0.3392857 0.3571429 0.3214286 0.3035714 0.3035714 0.3035714 0.3214286 0.3392857 0.3214286 0.3392857
[31] 0.3392857 0.3392857 0.3571429 0.3392857 0.3214286 0.3392857 0.3392857 0.3214286 0.3571429 0.3571429
[41] 0.3750000 0.3214286 0.3571429 0.3214286 0.3214286 0.3571429 0.3035714 0.3571429 0.3214286 0.3035714


$`35%`
$`35%`$ALP
 [1] 0.3750000 0.3928571 0.3392857 0.3571429 0.3571429 0.3928571 0.3571429 0.3571429 0.3571429 0.3571429
[11] 0.3392857 0.3571429 0.3571429 0.3214286 0.3392857 0.3214286 0.3392857 0.3750000 0.3750000 0.3392857
[21] 0.3750000 0.3928571 0.3750000 0.3750000 0.3214286 0.3750000 0.3392857 0.3928571 0.3750000 0.3571429
[31] 0.3571429 0.3571429 0.3392857 0.3750000 0.3571429 0.3571429 0.3571429 0.3571429 0.3571429 0.3571429
[41] 0.3750000 0.3750000 0.3750000 0.3571429 0.3928571 0.3392857 0.3571429 0.3571429 0.3571429 0.3750000

$`35%`$TPL
 [1] 0.3750000 0.3928571 0.3750000 0.3928571 0.3571429 0.3928571 0.3750000 0.3928571 0.3750000 0.4107143
[11] 0.3571429 0.3750000 0.4107143 0.3392857 0.4107143 0.3392857 0.3750000 0.4285714 0.3928571 0.3928571
[21] 0.3928571 0.4107143 0.4107143 0.3750000 0.3750000 0.3750000 0.3928571 0.4285714 0.3928571 0.3928571
[31] 0.3928571 0.3750000 0.3750000 0.3750000 0.3750000 0.3928571 0.3750000 0.3750000 0.3928571 0.3750000
[41] 0.3928571 0.4107143 0.3928571 0.3750000 0.4107143 0.3750000 0.4107143 0.3928571 0.3928571 0.3928571


$`40%`
$`40%`$ALP
 [1] 0.3928571 0.4107143 0.4464286 0.4285714 0.4285714 0.3928571 0.4285714 0.4285714 0.4107143 0.3928571
[11] 0.4285714 0.4107143 0.4464286 0.4285714 0.4107143 0.4285714 0.4107143 0.3928571 0.3928571 0.4107143
[21] 0.4285714 0.4285714 0.3750000 0.3928571 0.4107143 0.3750000 0.4107143 0.4107143 0.4107143 0.4285714
[31] 0.4107143 0.4107143 0.3928571 0.4464286 0.4285714 0.4285714 0.4285714 0.4285714 0.4107143 0.4285714
[41] 0.3928571 0.4107143 0.4464286 0.4285714 0.3928571 0.4107143 0.4107143 0.3928571 0.3750000 0.4107143

$`40%`$TPL
 [1] 0.4285714 0.4285714 0.4464286 0.4464286 0.4464286 0.4285714 0.4464286 0.4464286 0.4464286 0.4464286
[11] 0.4464286 0.4285714 0.4285714 0.4642857 0.4285714 0.4464286 0.4642857 0.3928571 0.4285714 0.4285714
[21] 0.4107143 0.4464286 0.4107143 0.4285714 0.4464286 0.3928571 0.4464286 0.4285714 0.4285714 0.4642857
[31] 0.4285714 0.4464286 0.4107143 0.4821429 0.4642857 0.4285714 0.4464286 0.4464286 0.4107143 0.4285714
[41] 0.4285714 0.4107143 0.4642857 0.4642857 0.4285714 0.4464286 0.4285714 0.4285714 0.4285714 0.4285714


$`45%`
$`45%`$ALP
 [1] 0.4464286 0.4821429 0.4821429 0.4821429 0.4642857 0.4642857 0.4464286 0.4642857 0.4642857 0.4285714
[11] 0.4464286 0.4821429 0.4285714 0.4642857 0.4464286 0.4464286 0.4464286 0.4464286 0.4821429 0.4464286
[21] 0.5000000 0.4642857 0.4464286 0.4642857 0.4464286 0.4464286 0.4821429 0.4285714 0.4642857 0.4464286
[31] 0.5000000 0.4642857 0.4642857 0.4821429 0.4642857 0.4821429 0.4464286 0.4464286 0.4464286 0.4464286
[41] 0.4464286 0.4464286 0.4464286 0.4464286 0.4821429 0.4464286 0.4642857 0.4464286 0.4464286 0.4642857

$`45%`$TPL
 [1] 0.4821429 0.4821429 0.5000000 0.5000000 0.4821429 0.5000000 0.4642857 0.4821429 0.4821429 0.4285714
[11] 0.4464286 0.5000000 0.4642857 0.4821429 0.4642857 0.4821429 0.4642857 0.4642857 0.5000000 0.4642857
[21] 0.5178571 0.4821429 0.4821429 0.4821429 0.5000000 0.4821429 0.4821429 0.4642857 0.4821429 0.5000000
[31] 0.5000000 0.4821429 0.5357143 0.4821429 0.4642857 0.5000000 0.4642857 0.4821429 0.4642857 0.4642857
[41] 0.4642857 0.4642857 0.4821429 0.4642857 0.4821429 0.4821429 0.4821429 0.4642857 0.4642857 0.5000000


$`50%`
$`50%`$ALP
 [1] 0.4821429 0.5178571 0.5178571 0.5178571 0.5357143 0.5535714 0.4821429 0.5000000 0.5357143 0.4821429
[11] 0.5000000 0.5000000 0.5178571 0.5000000 0.4821429 0.5000000 0.5000000 0.5000000 0.5357143 0.5178571
[21] 0.5178571 0.5178571 0.5000000 0.5000000 0.5178571 0.5000000 0.5178571 0.5357143 0.4821429 0.5357143
[31] 0.4821429 0.5535714 0.4821429 0.5000000 0.5000000 0.5000000 0.5357143 0.5178571 0.5535714 0.5357143
[41] 0.5535714 0.5178571 0.5178571 0.4821429 0.5178571 0.5178571 0.5000000 0.5178571 0.5178571 0.5000000

$`50%`$TPL
 [1] 0.5178571 0.5535714 0.5535714 0.5357143 0.5357143 0.5714286 0.5000000 0.5535714 0.5714286 0.5357143
[11] 0.5357143 0.5178571 0.5535714 0.5357143 0.4821429 0.5178571 0.5357143 0.5357143 0.5535714 0.5357143
[21] 0.5535714 0.5357143 0.5535714 0.5000000 0.5178571 0.5357143 0.5357143 0.5714286 0.5178571 0.5535714
[31] 0.5178571 0.5714286 0.5178571 0.5000000 0.5357143 0.5535714 0.5535714 0.5357143 0.5714286 0.5357143
[41] 0.5535714 0.5535714 0.5714286 0.5000000 0.5357143 0.5357143 0.5357143 0.5357143 0.5357143 0.5000000


$`55%`
$`55%`$ALP
 [1] 0.5535714 0.5714286 0.5535714 0.5714286 0.5714286 0.5357143 0.5714286 0.5892857 0.5535714 0.5714286
[11] 0.5357143 0.5535714 0.5714286 0.5535714 0.5892857 0.5357143 0.5714286 0.5357143 0.5535714 0.5714286
[21] 0.5535714 0.5535714 0.5714286 0.5535714 0.5892857 0.5714286 0.5714286 0.5892857 0.5535714 0.5714286
[31] 0.5535714 0.5535714 0.5535714 0.5357143 0.5714286 0.5357143 0.5714286 0.5535714 0.5714286 0.5535714
[41] 0.5714286 0.5714286 0.5535714 0.5357143 0.5892857 0.5357143 0.5714286 0.5892857 0.5714286 0.5714286

$`55%`$TPL
 [1] 0.5535714 0.6071429 0.5892857 0.6071429 0.6071429 0.5535714 0.6071429 0.5892857 0.5535714 0.5892857
[11] 0.5714286 0.5892857 0.5892857 0.5714286 0.5892857 0.5714286 0.5892857 0.5714286 0.5892857 0.5892857
[21] 0.5535714 0.5714286 0.5892857 0.5892857 0.6071429 0.5892857 0.5714286 0.6250000 0.5714286 0.6071429
[31] 0.5892857 0.5535714 0.5714286 0.5535714 0.6071429 0.5714286 0.5892857 0.5714286 0.5714286 0.5892857
[41] 0.5714286 0.6071429 0.5714286 0.5892857 0.5714286 0.5535714 0.5892857 0.6071429 0.5892857 0.5892857


$`60%`
$`60%`$ALP
 [1] 0.5892857 0.6250000 0.6071429 0.5892857 0.6071429 0.6250000 0.6071429 0.6071429 0.6250000 0.6071429
[11] 0.6071429 0.6250000 0.6428571 0.6071429 0.6071429 0.5892857 0.5714286 0.6250000 0.6428571 0.6250000
[21] 0.6250000 0.5892857 0.6250000 0.6071429 0.6071429 0.6071429 0.6250000 0.6250000 0.5892857 0.6250000
[31] 0.5892857 0.6428571 0.6071429 0.6071429 0.6071429 0.6250000 0.5892857 0.6428571 0.6071429 0.6071429
[41] 0.6428571 0.6071429 0.6071429 0.6071429 0.6250000 0.5714286 0.6071429 0.5892857 0.6250000 0.6071429

$`60%`$TPL
 [1] 0.6071429 0.6250000 0.6250000 0.6428571 0.6071429 0.6428571 0.6250000 0.6428571 0.6250000 0.6250000
[11] 0.6428571 0.6607143 0.6250000 0.6250000 0.6071429 0.6428571 0.6071429 0.6428571 0.6428571 0.6428571
[21] 0.6607143 0.6250000 0.6250000 0.6607143 0.6250000 0.6071429 0.6250000 0.6428571 0.6428571 0.6428571
[31] 0.6071429 0.6607143 0.6071429 0.6428571 0.6071429 0.6607143 0.6250000 0.6428571 0.6428571 0.6250000
[41] 0.6607143 0.6250000 0.6428571 0.6071429 0.6250000 0.5892857 0.6250000 0.6250000 0.6428571 0.6250000


$`65%`
$`65%`$ALP
 [1] 0.6607143 0.6785714 0.6428571 0.6428571 0.6607143 0.6607143 0.6607143 0.6785714 0.6785714 0.6607143
[11] 0.6428571 0.6428571 0.6428571 0.6607143 0.6607143 0.6785714 0.6964286 0.6785714 0.6607143 0.6607143
[21] 0.6428571 0.6785714 0.6428571 0.6607143 0.6964286 0.6785714 0.6428571 0.6428571 0.6428571 0.6607143
[31] 0.6607143 0.6607143 0.6785714 0.6785714 0.6607143 0.6785714 0.6250000 0.6428571 0.6785714 0.6785714
[41] 0.6785714 0.6785714 0.6607143 0.6607143 0.6607143 0.6607143 0.6428571 0.6785714 0.6785714 0.6607143

$`65%`$TPL
 [1] 0.6964286 0.6785714 0.6607143 0.6785714 0.6785714 0.6964286 0.6785714 0.7142857 0.6785714 0.7142857
[11] 0.6964286 0.6785714 0.6607143 0.7142857 0.6607143 0.6964286 0.7321429 0.6785714 0.6607143 0.6964286
[21] 0.6607143 0.6964286 0.6785714 0.6785714 0.7321429 0.7142857 0.6785714 0.6607143 0.6607143 0.6964286
[31] 0.6964286 0.6785714 0.6964286 0.6964286 0.6785714 0.6785714 0.6428571 0.6785714 0.6964286 0.6964286
[41] 0.7142857 0.6964286 0.6785714 0.6785714 0.6785714 0.6964286 0.6785714 0.6964286 0.6785714 0.6964286


$`70%`
$`70%`$ALP
 [1] 0.7321429 0.7321429 0.6964286 0.7142857 0.7142857 0.7500000 0.7142857 0.7321429 0.7142857 0.7142857
[11] 0.7142857 0.6964286 0.7142857 0.6964286 0.6964286 0.6964286 0.7142857 0.6785714 0.6785714 0.6785714
[21] 0.7321429 0.6964286 0.7321429 0.7142857 0.7321429 0.7142857 0.7142857 0.7142857 0.7142857 0.7321429
[31] 0.7321429 0.7321429 0.7321429 0.7142857 0.7142857 0.7142857 0.6964286 0.6785714 0.7142857 0.7142857
[41] 0.7321429 0.7321429 0.7500000 0.7142857 0.6964286 0.6964286 0.6964286 0.7142857 0.6964286 0.6964286

$`70%`$TPL
 [1] 0.7500000 0.7678571 0.7321429 0.7678571 0.7678571 0.7678571 0.7142857 0.7678571 0.7321429 0.7321429
[11] 0.7321429 0.7321429 0.7321429 0.7500000 0.7321429 0.7321429 0.7321429 0.7500000 0.6785714 0.6964286
[21] 0.7321429 0.7321429 0.7500000 0.7321429 0.7321429 0.7142857 0.7321429 0.7142857 0.7500000 0.7678571
[31] 0.7321429 0.7321429 0.7678571 0.7142857 0.7500000 0.7142857 0.7321429 0.7142857 0.7142857 0.7321429
[41] 0.7321429 0.7321429 0.7678571 0.7142857 0.6964286 0.7142857 0.7321429 0.7321429 0.7142857 0.7142857


$`75%`
$`75%`$ALP
 [1] 0.7500000 0.7678571 0.7857143 0.7500000 0.7678571 0.7678571 0.7678571 0.7678571 0.7678571 0.7321429
[11] 0.7500000 0.7857143 0.7500000 0.7857143 0.7500000 0.7857143 0.7500000 0.7500000 0.7857143 0.7142857
[21] 0.7500000 0.7500000 0.7500000 0.7500000 0.7500000 0.7500000 0.7678571 0.7500000 0.7678571 0.7500000
[31] 0.7678571 0.7321429 0.7678571 0.8035714 0.7500000 0.7500000 0.7857143 0.7857143 0.7678571 0.7500000
[41] 0.7500000 0.7857143 0.7678571 0.7678571 0.7321429 0.7678571 0.7321429 0.7678571 0.7142857 0.7678571

$`75%`$TPL
 [1] 0.8035714 0.8035714 0.8035714 0.7500000 0.7857143 0.8035714 0.8035714 0.7678571 0.8214286 0.7678571
[11] 0.7678571 0.8214286 0.7857143 0.7857143 0.7857143 0.7857143 0.7857143 0.7678571 0.8035714 0.7857143
[21] 0.7857143 0.7678571 0.7678571 0.8035714 0.7857143 0.7857143 0.7857143 0.7678571 0.8035714 0.7678571
[31] 0.8392857 0.7857143 0.7857143 0.8214286 0.7678571 0.7500000 0.7857143 0.8035714 0.7857143 0.8035714
[41] 0.7857143 0.8035714 0.7678571 0.7857143 0.7857143 0.8214286 0.7678571 0.7857143 0.7678571 0.7678571


$`80%`
$`80%`$ALP
 [1] 0.8035714 0.8035714 0.8035714 0.8035714 0.8035714 0.8035714 0.8035714 0.8035714 0.8214286 0.8214286
[11] 0.7678571 0.8214286 0.8214286 0.8214286 0.8392857 0.8392857 0.8214286 0.8035714 0.8035714 0.8035714
[21] 0.8214286 0.8214286 0.8035714 0.8035714 0.8214286 0.8035714 0.8035714 0.8392857 0.8214286 0.8214286
[31] 0.8392857 0.8214286 0.8214286 0.8214286 0.8214286 0.8214286 0.8035714 0.8035714 0.8035714 0.8392857
[41] 0.8214286 0.8035714 0.8035714 0.8214286 0.8035714 0.8214286 0.8392857 0.8035714 0.8214286 0.8035714

$`80%`$TPL
 [1] 0.8214286 0.8571429 0.8214286 0.8392857 0.8392857 0.8035714 0.8214286 0.8214286 0.8214286 0.8392857
[11] 0.7857143 0.8392857 0.8392857 0.8214286 0.8571429 0.8571429 0.8392857 0.8571429 0.8392857 0.8571429
[21] 0.8571429 0.8571429 0.8214286 0.8392857 0.8571429 0.8392857 0.8214286 0.8750000 0.8571429 0.8214286
[31] 0.8571429 0.8392857 0.8214286 0.8214286 0.8392857 0.8392857 0.8392857 0.8214286 0.8214286 0.8571429
[41] 0.8750000 0.8035714 0.8035714 0.8571429 0.8214286 0.8571429 0.8571429 0.8392857 0.8571429 0.8392857


$`85%`
$`85%`$ALP
 [1] 0.8571429 0.8571429 0.8571429 0.8392857 0.8750000 0.8392857 0.8571429 0.8571429 0.8750000 0.8750000
[11] 0.8571429 0.8571429 0.8571429 0.8928571 0.8571429 0.8750000 0.8571429 0.8750000 0.8750000 0.8750000
[21] 0.8750000 0.8750000 0.8392857 0.8392857 0.8928571 0.8392857 0.8571429 0.8750000 0.8750000 0.8571429
[31] 0.8750000 0.8571429 0.8928571 0.8750000 0.8571429 0.8750000 0.8571429 0.8571429 0.8928571 0.8571429
[41] 0.8571429 0.8392857 0.8571429 0.8571429 0.8571429 0.8750000 0.8750000 0.8392857 0.8571429 0.8750000

$`85%`$TPL
 [1] 0.8571429 0.8750000 0.8750000 0.8750000 0.8928571 0.8571429 0.8750000 0.8750000 0.8928571 0.8750000
[11] 0.8750000 0.8928571 0.8928571 0.8928571 0.8928571 0.8928571 0.8750000 0.8928571 0.8750000 0.8928571
[21] 0.8928571 0.8928571 0.8750000 0.8571429 0.8928571 0.8750000 0.8928571 0.8928571 0.8750000 0.8750000
[31] 0.8750000 0.8750000 0.9107143 0.8750000 0.8928571 0.8750000 0.8750000 0.8928571 0.8928571 0.9107143
[41] 0.8928571 0.8750000 0.8750000 0.8750000 0.8750000 0.8750000 0.8928571 0.8750000 0.8928571 0.9107143


$`90%`
$`90%`$ALP
 [1] 0.9285714 0.9107143 0.9107143 0.9107143 0.9107143 0.9107143 0.9285714 0.9107143 0.9107143 0.9285714
[11] 0.9107143 0.9285714 0.9107143 0.9107143 0.9107143 0.9107143 0.8928571 0.8928571 0.9285714 0.9107143
[21] 0.9107143 0.9107143 0.9107143 0.9107143 0.9107143 0.9285714 0.9107143 0.9107143 0.8928571 0.9285714
[31] 0.9285714 0.9107143 0.9107143 0.9107143 0.8928571 0.9107143 0.9107143 0.9107143 0.9285714 0.9285714
[41] 0.9107143 0.9107143 0.9285714 0.9107143 0.9107143 0.9464286 0.9285714 0.8928571 0.9107143 0.9107143

$`90%`$TPL
 [1] 0.9642857 0.9285714 0.9464286 0.9285714 0.9285714 0.9285714 0.9464286 0.9464286 0.9464286 0.9642857
[11] 0.9642857 0.9464286 0.9464286 0.9642857 0.9285714 0.9107143 0.9107143 0.9107143 0.9285714 0.9285714
[21] 0.9464286 0.9107143 0.9285714 0.9285714 0.9285714 0.9285714 0.9107143 0.9464286 0.9464286 0.9464286
[31] 0.9285714 0.9464286 0.9285714 0.9464286 0.9285714 0.9107143 0.9464286 0.9107143 0.9285714 0.9285714
[41] 0.9107143 0.9464286 0.9464286 0.9107143 0.9464286 0.9464286 0.9464286 0.9285714 0.9464286 0.9464286


$`95%`
$`95%`$ALP
 [1] 0.9642857 0.9642857 0.9642857 0.9642857 0.9642857 0.9642857 0.9464286 0.9464286 0.9642857 0.9821429
[11] 0.9642857 0.9821429 0.9464286 0.9642857 0.9642857 0.9464286 0.9464286 0.9642857 0.9642857 0.9642857
[21] 0.9642857 0.9464286 0.9642857 0.9821429 0.9464286 0.9464286 0.9642857 0.9464286 0.9642857 0.9642857
[31] 0.9642857 0.9642857 0.9642857 0.9464286 0.9464286 0.9464286 0.9464286 0.9642857 0.9642857 0.9642857
[41] 0.9642857 0.9464286 0.9464286 0.9642857 0.9642857 0.9464286 0.9642857 0.9642857 0.9642857 0.9642857

$`95%`$TPL
 [1] 0.9821429 0.9642857 0.9642857 0.9821429 0.9642857 0.9821429 0.9821429 0.9642857 0.9821429 0.9821429
[11] 0.9821429 0.9821429 0.9642857 0.9642857 0.9821429 0.9642857 0.9821429 0.9821429 0.9821429 0.9821429
[21] 1.0000000 0.9642857 0.9642857 1.0000000 0.9642857 0.9821429 0.9821429 0.9642857 0.9642857 0.9642857
[31] 0.9821429 0.9821429 0.9821429 0.9821429 0.9642857 0.9642857 0.9642857 0.9821429 0.9642857 0.9642857
[41] 0.9642857 0.9821429 0.9821429 0.9464286 0.9821429 0.9821429 0.9821429 0.9821429 0.9642857 0.9821429


$`100%`
$`100%`$ALP
 [1] 1 1 1 1 1 1 1 1 1 1 1 1 1 1 1 1 1 1 1 1 1 1 1 1 1 1 1 1 1 1 1 1 1 1 1 1 1 1 1 1 1 1 1 1 1 1 1 1 1 1

$`100%`$TPL
 [1] 1 1 1 1 1 1 1 1 1 1 1 1 1 1 1 1 1 1 1 1 1 1 1 1 1 1 1 1 1 1 1 1 1 1 1 1 1 1 1 1 1 1 1 1 1 1 1 1 1 1


