   prev1   ALP_mean   TLP_mean     ALP2.5 ALP_median    ALP97.5     TLP2.5 TLP_median    TLP97.5
1   0.01 0.02078571 0.04355000 0.00000000 0.01785714 0.05357143 0.01785714 0.03571429 0.07142857
2   0.05 0.06466071 0.08717143 0.03571429 0.07142857 0.08928571 0.05357143 0.08928571 0.12500000
3   0.10 0.11461071 0.13772500 0.08928571 0.10714286 0.16071429 0.10714286 0.14285714 0.17857143
4   0.15 0.16407857 0.18745357 0.12500000 0.16071429 0.21428571 0.14285714 0.17857143 0.23214286
5   0.20 0.21395000 0.23735000 0.17857143 0.21428571 0.26785714 0.19642857 0.23214286 0.28571429
6   0.25 0.26388571 0.28687500 0.21428571 0.26785714 0.30357143 0.23214286 0.28571429 0.33928571
7   0.30 0.31426429 0.33758571 0.26785714 0.32142857 0.35714286 0.28571429 0.33928571 0.39285714
8   0.35 0.36401429 0.38715714 0.32142857 0.35714286 0.41071429 0.33928571 0.39285714 0.44642857
9   0.40 0.41269286 0.43632143 0.35714286 0.41071429 0.46428571 0.39285714 0.42857143 0.48214286
10  0.45 0.46350714 0.48683929 0.41071429 0.46428571 0.51785714 0.42857143 0.48214286 0.53571429
11  0.50 0.51293929 0.53580714 0.46428571 0.51785714 0.57142857 0.48214286 0.53571429 0.58928571
12  0.55 0.56259286 0.58603929 0.51785714 0.55357143 0.60714286 0.53571429 0.58928571 0.64285714
13  0.60 0.61208929 0.63553214 0.55357143 0.60714286 0.66071429 0.58928571 0.64285714 0.69642857
14  0.65 0.66263571 0.68604286 0.60714286 0.66071429 0.71428571 0.62500000 0.67857143 0.73214286
15  0.70 0.71172143 0.73485714 0.66071429 0.71428571 0.76785714 0.67857143 0.73214286 0.78571429
16  0.75 0.76170714 0.78480357 0.71428571 0.76785714 0.80357143 0.73214286 0.78571429 0.83928571
17  0.80 0.81128571 0.83364286 0.76785714 0.80357143 0.85714286 0.78571429 0.83928571 0.87500000
18  0.85 0.86089643 0.88310714 0.82142857 0.85714286 0.89285714 0.83928571 0.87500000 0.92857143
19  0.90 0.91085714 0.93155714 0.87500000 0.91071429 0.94642857 0.89285714 0.92857143 0.96428571
20  0.95 0.95921429 0.97628929 0.92857143 0.96428571 0.98214286 0.94642857 0.98214286 1.00000000
21  1.00 1.00000000 1.00000000 1.00000000 1.00000000 1.00000000 1.00000000 1.00000000 1.00000000
