$ALP
$ALP[[1]]
 [1] 0.010 0.116 0.170 0.212 0.262 0.316 0.368 0.406 0.484
[10] 0.520 0.570 0.586 0.662 0.712 0.744 0.814 0.854 0.912
[19] 0.948 0.996 1.000

$ALP[[2]]
 [1] 0.01266667 0.07133333 0.12400000 0.17266667 0.23200000
 [6] 0.27333333 0.32866667 0.37266667 0.42200000 0.47266667
[11] 0.51533333 0.57933333 0.61866667 0.67666667 0.72066667
[16] 0.76533333 0.82000000 0.87200000 0.92133333 0.97066667
[21] 1.00000000

$ALP[[3]]
 [1] 0.0210000 0.0640000 0.1136667 0.1620000 0.2130000
 [6] 0.2630000 0.3136667 0.3636667 0.4073333 0.4593333
[11] 0.5130000 0.5600000 0.6106667 0.6616667 0.7170000
[16] 0.7630000 0.8123333 0.8560000 0.9103333 0.9600000
[21] 1.0000000

$ALP[[4]]
 [1] 0.02088889 0.05977778 0.10977778 0.15688889 0.20755556
 [6] 0.26133333 0.31266667 0.35822222 0.40844444 0.45822222
[11] 0.50911111 0.55888889 0.60844444 0.66133333 0.70755556
[16] 0.75755556 0.80911111 0.85577778 0.90911111 0.95644444
[21] 1.00000000

$ALP[[5]]
 [1] 0.007142857 0.048928571 0.140357143 0.281428571
 [5] 0.399285714 0.523571429 0.616428571 0.698928571
 [9] 0.772500000 0.816071429 0.862500000 0.900000000
[13] 0.923571429 0.941071429 0.967500000 0.973928571
[17] 0.989642857 0.990714286 0.997857143 0.998571429
[21] 0.999642857

$ALP[[6]]
 [1] 0.01750000 0.08035714 0.13500000 0.18357143 0.23785714
 [6] 0.28571429 0.33214286 0.38000000 0.42642857 0.48142857
[11] 0.53142857 0.57464286 0.63750000 0.68071429 0.73035714
[16] 0.77714286 0.82750000 0.87250000 0.92500000 0.97464286
[21] 1.00000000

$ALP[[7]]
 [1] 0.02000000 0.06392857 0.11714286 0.16428571 0.21500000
 [6] 0.26178571 0.31321429 0.36214286 0.41428571 0.46607143
[11] 0.51607143 0.56642857 0.61428571 0.66321429 0.71321429
[16] 0.76642857 0.81214286 0.86392857 0.91142857 0.95785714
[21] 1.00000000

$ALP[[8]]
 [1] 0.02142857 0.06035714 0.10964286 0.15607143 0.21071429
 [6] 0.25821429 0.30500000 0.35464286 0.40571429 0.46000000
[11] 0.50678571 0.55928571 0.60964286 0.65392857 0.70928571
[16] 0.75785714 0.80464286 0.85642857 0.90607143 0.95500000
[21] 1.00000000


$TLP
$TLP[[1]]
 [1] 0.100 0.232 0.288 0.352 0.392 0.440 0.478 0.516 0.592
[10] 0.620 0.668 0.730 0.774 0.810 0.854 0.906 0.938 0.960
[19] 0.990 1.000 1.000

$TLP[[2]]
 [1] 0.06133333 0.12666667 0.16933333 0.21600000 0.26933333
 [6] 0.32066667 0.37066667 0.42066667 0.45800000 0.51866667
[11] 0.56266667 0.62133333 0.66133333 0.71933333 0.75800000
[16] 0.80400000 0.85733333 0.90733333 0.95333333 0.98666667
[21] 1.00000000

$TLP[[3]]
 [1] 0.04166667 0.08600000 0.13566667 0.18400000 0.23266667
 [6] 0.28100000 0.34000000 0.38700000 0.43033333 0.48100000
[11] 0.53433333 0.57900000 0.63600000 0.68500000 0.73566667
[16] 0.78100000 0.83300000 0.88033333 0.93233333 0.97433333
[21] 1.00000000

$TLP[[4]]
 [1] 0.03155556 0.07466667 0.12244444 0.17266667 0.22466667
 [6] 0.27200000 0.32733333 0.37333333 0.42466667 0.47088889
[11] 0.52355556 0.57355556 0.62355556 0.67266667 0.72200000
[16] 0.77311111 0.82555556 0.87044444 0.92288889 0.96666667
[21] 1.00000000

$TLP[[5]]
 [1] 0.1046429 0.4221429 0.6492857 0.7757143 0.8550000
 [6] 0.9228571 0.9446429 0.9560714 0.9675000 0.9785714
[11] 0.9871429 0.9910714 0.9921429 0.9942857 0.9975000
[16] 0.9978571 0.9985714 0.9989286 0.9996429 0.9996429
[21] 1.0000000

$TLP[[6]]
 [1] 0.0700000 0.1457143 0.2017857 0.2460714 0.3067857
 [6] 0.3503571 0.3964286 0.4425000 0.4871429 0.5485714
[11] 0.5857143 0.6360714 0.6950000 0.7410714 0.7896429
[16] 0.8335714 0.8814286 0.9292857 0.9660714 0.9917857
[21] 1.0000000

$TLP[[7]]
 [1] 0.04678571 0.09250000 0.14250000 0.19142857 0.23642857
 [6] 0.28857143 0.33821429 0.39035714 0.43750000 0.49428571
[11] 0.54071429 0.59357143 0.63642857 0.69107143 0.74000000
[16] 0.79071429 0.83285714 0.89000000 0.93571429 0.97392857
[21] 1.00000000

$TLP[[8]]
 [1] 0.02892857 0.06785714 0.11750000 0.16500000 0.22000000
 [6] 0.26678571 0.31500000 0.36321429 0.41821429 0.47035714
[11] 0.51750000 0.57000000 0.61928571 0.66000000 0.71964286
[16] 0.76642857 0.81464286 0.86964286 0.91714286 0.96357143
[21] 1.00000000


